camera_matrix:
- - 1160.7
  - 0.0
  - 1280
- - 0.0
  - 860.2
  - 720
- - 0.0
  - 0.0
  - 1.0
dist_coeffs:
- - 0.0
  - 0.0
  - 0.0
  - 0.0
  - 0.0
reprojection_error: 1.6548063481911754
