camera_matrix:
- - 1000.56
  - 0.0
  - 960
- - 0.0
  - 1001.32
  - 540
- - 0.0
  - 0.0
  - 1.0
dist_coeffs:
- - 0.0
  - 0.0
  - 0.0
  - 0.0
  - 0.0
reprojection_error: 0.3115637492601613
