distortion_coefficients:
  radial:
    k1: 0.0
    k2: 0.0
    k3: 0.0
    k4: 0.0
    k5: 0.0
    k6: 0.0
  tangential:
    p1: 0.0
    p2: 0.0
focal_length_mm:
  fx: 3.0610143091927147
  fy: 3.0618140033392893
focal_length_pixels:
  fx: 1000.56
  fy: 1001.32
principal_point_mm:
  cx: 2.6001137836823007
  cy: 1.275683378839276
principal_point_pixels:
  cx: 960
  cy: 540
skew: 0.0
