camera_matrix:
- - 1120.0
  - 0.0
  - 960
- - 0.0
  - 840.0
  - 540
- - 0.0
  - 0.0
  - 1.0
dist_coeffs:
- - 0.0
  - 0.0
  - 0.0
  - 0.0
  - 0.0
reprojection_error: 3.1503274689074914
