distortion_coefficients:
  radial:
    k1: 0.0
    k2: 0.0
    k3: 0.0
    k4: 0.0
    k5: 0.0
    k6: 0.0
  tangential:
    p1: 0.0
    p2: 0.0
focal_length_mm:
  fx: 2.8799451559688305
  fy: 2.885148731212692
focal_length_pixels:
  fx: 1120.5
  fy: 840.0
principal_point_mm:
  cx: 2.4749830829622077
  cy: 1.1815971813421706
principal_point_pixels:
  cx: 960
  cy: 540
skew: 0.0
