camera_matrix:
- - 686.22
  - 0.0
  - 640
- - 0.0
  - 514.67
  - 360
- - 0.0
  - 0.0
  - 1.0
dist_coeffs:
- - 0.0
  - 0.0
  - 0.0
  - 0.0
  - 0.0
reprojection_error: 3.3302972584121293
