distortion_coefficients:
  radial:
    k1: -2.4260031880150588
    k2: 1.4437343755748644
    k3: 0.2739223406572024
    k4: -2.030720569105107
    k5: 0.4248550818739424
    k6: 0.9982005027179899
  tangential:
    p1: 0.0032799529151127933
    p2: -0.0011770040620524558
focal_length_mm:
  fx: 3.023617736804193
  fy: 3.0107717233198814
focal_length_pixels:
  fx: 1430.8163378470233
  fy: 1424.7374325192013
principal_point_mm:
  cx: 2.707362973470773
  cy: 1.3506398196153353
principal_point_pixels:
  cx: 1281.1603556137427
  cy: 639.1408202595574
skew: 0.0
