distortion_coefficients:
  radial:
    k1: 13.752303495222451
    k2: 3.2641314534694637
    k3: 0.08831914321587718
    k4: 14.268085817983541
    k5: 8.751248062318895
    k6: 0.46571853462659796
  tangential:
    p1: 0.00012419118597467585
    p2: -0.0009875474782436867
focal_length_mm:
  fx: 3.1634361183600546
  fy: 3.1502452266920127
focal_length_pixels:
  fx: 1496.9802653258
  fy: 1490.738159030527
principal_point_mm:
  cx: 2.6791261674813036
  cy: 1.4032718352214477
principal_point_pixels:
  cx: 1267.7983215025617
  cy: 664.0469937173968
sensor_size_mm:
  height: 3.043024758544202
  width: 5.40982179296747
skew: 0.0
