camera_matrix:
- - 1411.024809644052
  - 0.0
  - 1277.8571360934518
- - 0.0
  - 1379.4172517094771
  - 727.0255709036688
- - 0.0
  - 0.0
  - 1.0
dist_coeffs:
- - -0.011308883156895851
  - 0.16581482508506773
  - 0.011805069507173315
  - -0.0658069553127732
  - -0.4174106658719361
reprojection_error: 1.6548063481911754
