distortion_coefficients:
  radial:
    k1: -4.454927106679181
    k2: 6.027309613834186
    k3: 0.8835963578729192
    k4: -4.0877955337281
    k5: 4.343322403159
    k6: 3.3216585565553416
  tangential:
    p1: 0.004283426230966815
    p2: -9.955563058648658e-06
focal_length_mm:
  fx: 3.0610143091927147
  fy: 3.0618140033392893
focal_length_pixels:
  fx: 2205.308620506571
  fy: 2205.8847603795252
principal_point_mm:
  cx: 2.6001137836823007
  cy: 1.275683378839276
principal_point_pixels:
  cx: 1873.2527071932523
  cy: 919.0664492950882
skew: 0.0
