distortion_coefficients:
  radial:
    k1: 1.5129737019494809
    k2: 17.858735789717656
    k3: 2.4458512929213954
    k4: 1.9066787873096238
    k5: 18.551854490638327
    k6: 9.143819535177345
  tangential:
    p1: -0.001409834244126114
    p2: 0.0002953730255507924
focal_length_mm:
  fx: 3.103476901548288
  fy: 3.085606722479762
focal_length_pixels:
  fx: 2235.900807119217
  fy: 2223.026231580166
principal_point_mm:
  cx: 2.6158512627720496
  cy: 1.388058807372567
principal_point_pixels:
  cx: 1884.5907784323958
  cy: 1000.0273584072528
sensor_size_mm:
  height: 2.9981250000000004
  width: 5.33
skew: 0.0
