camera_matrix:
- - 2315.4884362122634
  - 0.0
  - 2001.7276397634173
- - 0.0
  - 2294.375713897354
  - 1039.9264047039621
- - 0.0
  - 0.0
  - 1.0
dist_coeffs:
- - -0.1979603321586165
- - 0.9530070980452974
- - -4.11010891590987
- - 5.547463340940931
reprojection_error: 0.3115637492601613
