camera_matrix:
- - 1158.631499184222
  - 0.0
  - 1373.6217040820018
- - 0.0
  - 1172.9111718577244
  - 566.99307844815
- - 0.0
  - 0.0
  - 1.0
dist_coeffs:
- - 0.17454954496849237
- - 0.1379597779142633
- - -2.524449616700325
- - 3.9910151927524877
reprojection_error: 3.1503274689074914
