distortion_coefficients:
  radial:
    k1: -3.3311871375392945
    k2: 5.119302895245983
    k3: 0.6210635426625964
    k4: -2.9803060441871754
    k5: 3.9070847103230206
    k6: 2.5693792574455383
  tangential:
    p1: 0.005715525243434706
    p2: 0.0008305181409296823
focal_length_mm:
  fx: 2.9499996960551083
  fy: 2.958146859469879
focal_length_pixels:
  fx: 1518.2545553819514
  fy: 1522.4475958030937
principal_point_mm:
  cx: 2.5786068763580783
  cy: 1.3144212533328807
principal_point_pixels:
  cx: 1327.1125559115114
  cy: 676.4834783651518
sensor_size_mm:
  height: 2.953391130695941
  width: 5.222839052178085
skew: 0.0
