distortion_coefficients:
  radial:
    k1: -24.415118516304666
    k2: 329.6233796654223
    k3: -11.743277570927772
    k4: -24.06876836244366
    k5: 320.89943555711426
    k6: 102.09609443673271
  tangential:
    p1: 0.005632006808753377
    p2: 0.004553768491221607
focal_length_mm:
  fx: 2.8799451559688305
  fy: 2.885148731212692
focal_length_pixels:
  fx: 1482.2001026464443
  fy: 1484.8781882844974
principal_point_mm:
  cx: 2.4749830829622077
  cy: 1.1815971813421706
principal_point_pixels:
  cx: 1273.7812635118462
  cy: 608.1238942492798
skew: 0.0
