distortion_coefficients:
  radial:
    k1: -5.370613629738638
    k2: 10.32683749893446
    k3: 3.097706685907144
    k4: -5.304006415798903
    k5: 9.949629744943858
    k6: 3.9024702140040337
  tangential:
    p1: -0.004827035106657419
    p2: 0.0016985753358280094
focal_length_mm:
  fx: 1.8541655564977026
  fy: 1.8569774117681326
focal_length_pixels:
  fx: 618.0551854992342
  fy: 618.9924705893775
principal_point_mm:
  cx: 1.9410045112406369
  cy: 1.0712329156791622
principal_point_pixels:
  cx: 637.7016874712565
  cy: 351.94510576728123
skew: 0.0
