camera_matrix:
- - 468.829857154574
  - 0.0
  - 614.7078563126421
- - 0.0
  - 652.7595032903266
  - 322.3719177549801
- - 0.0
  - 0.0
  - 1.0
dist_coeffs:
- - 0.4568020910204119
  - -1.2397328373790437
  - 0.06456486202343775
  - 0.0010395095394959985
  - 1.0737093792882668
reprojection_error: 3.3302972584121293
