distortion_coefficients:
  radial:
    k1: -1.4586103006103002
    k2: 0.06792462433590386
    k3: 0.46239513983358904
    k4: -1.3990147653290121
    k5: -0.04684871950605918
    k6: 0.5204479197790427
  tangential:
    p1: -0.003954654464048341
    p2: 1.149962829218205e-05
focal_length_mm:
  fx: 1.7922214629089528
  fy: 1.795933358101693
focal_length_pixels:
  fx: 597.4071543029843
  fy: 598.6444527005643
principal_point_mm:
  cx: 1.9416322634716245
  cy: 1.0524953239042925
principal_point_pixels:
  cx: 637.9079305040245
  cy: 345.7890181205068
sensor_size_mm:
  height: 2.1915
  width: 3.896
skew: 0.0
